0 3.926532
1 4.850191
2 7.443102
3 7.302939
4 6.368420
5 6.450115
6 6.424872
7 6.842200
8 6.322733
9 5.695559
10 6.540298
11 5.669771
12 6.725309
13 6.431727
14 5.971310
15 6.479549
16 6.633879
17 6.630686
18 6.632695
19 6.341094
20 6.450051
21 6.098841
22 6.070093
23 6.170272
24 6.675481
25 6.714676
26 6.212234
27 6.430980
28 6.336677
29 6.417589
30 6.189268
31 6.802662
32 6.195056
33 6.040661
34 6.733548
35 6.544720
36 6.563070
37 6.564866
38 6.452886
39 6.175889
40 6.257584
41 6.289377
42 6.702113
43 6.525356
44 6.453664
45 6.289634
46 6.574427
47 6.609340
48 6.302771
49 6.213024
50 6.334447
51 6.232822
52 6.388797
53 6.407883
54 6.374231
55 6.503165
56 6.379420
57 6.230462
58 6.582381
59 6.348037
60 6.389604
61 6.492155
62 6.392293
63 6.062738
64 6.403988
65 6.224963
66 6.484031
67 6.393465
68 6.453876
69 6.295782
70 6.096721
71 6.549205
72 6.618731
73 6.674710
74 6.419976
75 6.520767
76 6.364185
77 6.316799
78 6.407531
79 6.308776
80 6.389671
81 6.527510
82 6.444023
83 6.232636
84 6.453560
85 6.456786
86 6.318805
87 6.485203
88 6.427414
89 6.431355
90 6.605783
91 6.198549
92 6.317432
93 6.456905
94 6.220141
95 6.507917
96 6.434684
97 6.343971
98 6.336719
99 6.465756
100 6.379387
101 6.330708
102 6.410547
103 6.343873
104 6.326907
105 6.407565
106 6.425107
107 6.253267
108 6.459393
109 6.442277
110 6.535453
111 6.425748
112 6.435022
113 6.332340
114 6.399993
115 6.432935
116 6.191786
117 6.556815
118 6.264506
119 6.382692
120 6.251685
121 6.521341
122 6.250645
123 6.241118
124 6.567678
125 6.448432
126 6.273744
127 6.440365
128 6.422461
129 6.609296
130 6.334988
131 6.611047
132 6.266559
133 6.431111
134 6.340501
135 6.460295
136 6.295879
137 6.316773
138 6.280987
139 6.407526
140 6.372268
141 6.335901
142 6.379421
143 6.243309
144 6.498312
145 6.354470
146 6.371575
147 6.151109
148 6.441727
149 6.277830
150 6.423439
151 6.419534
152 6.381736
153 6.319644
154 6.369261
155 6.353949
156 6.399981
157 6.308743
158 6.480557
159 6.430433
160 6.507253
161 6.438291
162 6.402326
163 6.379422
164 6.568170
165 6.456118
166 6.271411
167 6.397947
168 6.357642
169 6.253516
170 6.459074
171 6.502849
172 6.613455
173 6.552798
174 6.509432
175 6.368162
176 6.385190
177 6.307217
178 6.375429
179 6.561495
180 6.459779
181 6.469555
182 6.369457
183 6.331414
184 6.440110
185 6.462009
186 6.523365
187 6.454217
188 6.326213
189 6.423062
190 6.420380
191 6.448589
192 6.214104
193 6.441165
194 6.318622
195 6.331625
196 6.405435
197 6.427628
198 6.337908
199 6.297788
200 6.565963
201 6.375306
202 6.507870
203 6.319798
204 6.300739
205 6.476001
206 6.411466
207 6.456977
208 6.347228
209 6.416758
210 6.300435
211 6.375759
212 6.371418
213 6.350252
214 6.405439
215 6.383357
216 6.393112
217 6.571594
218 6.309448
219 6.339958
220 6.314006
221 6.350813
222 6.505939
223 6.396966
224 6.402726
225 6.445541
226 6.328452
227 6.389130
228 6.496436
229 6.311773
230 6.472520
231 6.366323
232 6.418602
233 6.315309
234 6.403244
235 6.419592
236 6.364396
237 6.342723
238 6.335817
239 6.316022
240 6.365540
241 6.392249
242 6.261491
243 6.528184
244 6.210745
245 6.416002
246 6.399334
247 6.445415
248 6.431642
249 6.315979
250 6.393065
251 6.468281
252 6.348155
253 6.439019
254 6.596207
255 6.390056
256 6.296110
257 6.439796
258 6.466851
259 6.363420
260 6.434585
261 6.261772
262 6.398631
263 6.504085
264 6.229585
265 6.418873
266 6.412026
267 6.336530
268 6.353704
269 6.392560
270 6.344773
271 6.352318
272 6.437266
273 6.458891
274 6.411493
275 6.353690
276 6.394262
277 6.317103
278 6.614792
279 6.511901
280 6.306447
281 6.402346
282 6.419754
283 6.278336
284 6.348978
285 6.437985
286 6.384345
287 6.260057
288 6.468119
289 6.495859
290 6.365146
291 6.463083
292 6.239378
293 6.334025
294 6.439423
295 6.424213
296 6.415463
297 6.520622
298 6.304723
299 6.348429
300 6.516597
301 6.552414
302 6.318790
303 6.458725
304 6.400978
305 6.380396
306 6.460339
307 6.510193
308 6.448581
309 6.394935
310 6.387593
311 6.440293
312 6.342105
313 6.375369
314 6.372729
315 6.460400
316 6.432236
317 6.462495
318 6.338050
319 6.421814
320 6.346842
321 6.415157
322 6.360923
323 6.591595
324 6.451526
325 6.435074
326 6.529439
327 6.424253
328 6.472307
329 6.403430
330 6.510284
331 6.435457
332 6.401703
333 6.328461
334 6.279534
335 6.295536
336 6.367162
337 6.308891
338 6.399185
339 6.420665
340 6.479300
341 6.463402
342 6.295812
343 6.384317
344 6.437262
345 6.413965
346 6.370288
347 6.364443
348 6.447753
349 6.473106
350 6.500718
351 6.472292
352 6.359213
353 6.327035
354 6.389029
355 6.408464
356 6.457564
357 6.362083
358 6.560591
359 6.328038
360 6.339537
361 6.323497
362 6.467920
363 6.428398
364 6.375334
365 6.271583
366 6.375257
367 6.425962
368 6.388556
369 6.490869
370 6.428784
371 6.473324
372 6.468862
373 6.419431
374 6.447702
375 6.359191
376 6.468456
377 6.430016
378 6.400824
379 6.350490
380 6.377049
381 6.525242
382 6.348923
383 6.383023
384 6.479499
385 6.460371
386 6.339641
387 6.489057
388 6.334546
389 6.358797
390 6.423605
391 6.409081
392 6.423390
393 6.494638
394 6.367498
395 6.404810
396 6.412979
397 6.324529
398 6.367328
399 6.398649
400 6.424309
401 6.311196
402 6.468057
403 6.435377
404 6.283243
405 6.458814
406 6.419067
407 6.453073
408 6.274055
409 6.455843
410 6.368004
411 6.320916
412 6.333604
413 6.372774
414 6.402826
415 6.378334
416 6.323129
417 6.328713
418 6.429525
419 6.383221
420 6.471900
421 6.332471
422 6.401833
423 6.374290
424 6.338491
425 6.407694
426 6.508344
427 6.313814
428 6.413549
429 6.409654
430 6.378005
431 6.437569
432 6.340472
433 6.356260
434 6.428906
435 6.330453
436 6.352920
437 6.515131
438 6.365984
439 6.441718
440 6.373780
441 6.347010
442 6.381132
443 6.437533
444 6.341840
445 6.412074
446 6.424148
447 6.496771
448 6.353563
449 6.413802
450 6.353037
451 6.411698
452 6.456401
453 6.407426
454 6.440234
455 6.338079
456 6.401717
457 6.431259
458 6.379518
459 6.266073
460 6.346725
461 6.290577
462 6.332724
463 6.382606
464 6.384180
465 6.339377
466 6.360011
467 6.492715
468 6.459250
469 6.403724
470 6.441296
471 6.375764
472 6.484585
473 6.336980
474 6.404550
475 6.392913
476 6.518727
477 6.355218
478 6.396328
479 6.334620
480 6.428097
481 6.384622
482 6.411357
483 6.378773
484 6.499328
485 6.313854
486 6.398909
487 6.433811
488 6.348796
489 6.369988
490 6.387142
491 6.398649
492 6.386643
493 6.419511
494 6.419492
495 6.382512
496 6.393973
497 6.355749
498 6.506849
499 6.355082
500 6.433195
501 6.401405
502 6.401608
503 6.448288
504 6.465602
505 6.343208
506 6.426628
507 6.408025
508 6.458273
509 6.439105
510 6.428362
511 6.464627
512 6.404833
513 6.357535
514 6.354947
515 6.405501
516 6.387954
517 6.425088
518 6.426159
519 6.386717
520 6.353051
521 6.362396
522 6.550408
523 6.389574
524 6.455865
525 6.368335
526 6.386663
527 6.312586
528 6.412452
529 6.377502
530 6.326796
531 6.432003
532 6.453831
533 6.404597
534 6.375239
535 6.374447
536 6.506249
537 6.308129
538 6.366859
539 6.412746
540 6.370204
541 6.439585
542 6.366145
543 6.422710
544 6.286065
545 6.496406
546 6.414781
547 6.411088
548 6.408457
549 6.411477
550 6.418527
551 6.376602
552 6.398329
553 6.315009
554 6.432611
555 6.433468
556 6.378394
557 6.319426
558 6.424374
559 6.359651
560 6.437181
561 6.330636
562 6.414102
563 6.449212
564 6.386855
565 6.368388
566 6.374111
567 6.431169
568 6.513520
569 6.459946
570 6.481112
571 6.360167
572 6.422909
573 6.465474
574 6.286609
575 6.399672
576 6.436746
577 6.369915
578 6.344517
579 6.390693
580 6.411312
581 6.336175
582 6.361735
583 6.375976
584 6.384988
585 6.316381
586 6.372607
587 6.501346
588 6.360106
589 6.523969
590 6.327702
591 6.385584
592 6.412317
593 6.411267
594 6.348864
595 6.358096
596 6.348176
597 6.443144
598 6.376422
599 6.412662
600 6.359497
601 6.389960
602 6.363557
603 6.347285
604 6.493541
605 6.324926
606 6.406833
607 6.536198
608 6.388661
609 6.403893
610 6.482455
611 6.433697
612 6.462216
613 6.486563
614 6.419444
615 6.377339
616 6.424553
617 6.424523
618 6.356565
619 6.364818
620 6.356707
621 6.392571
622 6.361385
623 6.436637
624 6.437406
625 6.411582
626 6.402445
627 6.392485
628 6.347293
629 6.430382
630 6.428772
631 6.469262
632 6.377261
633 6.426891
634 6.301871
635 6.457916
636 6.501209
637 6.358934
638 6.379285
639 6.393952
640 6.424934
641 6.406168
642 6.443382
643 6.455290
644 6.371170
645 6.390562
646 6.376243
647 6.396355
648 6.432871
649 6.334902
650 6.416358
651 6.499212
652 6.432373
653 6.394697
654 6.356927
655 6.373952
656 6.465634
657 6.368078
658 6.472392
659 6.407233
660 6.480350
661 6.341371
662 6.375948
663 6.431532
664 6.350721
665 6.386827
666 6.413176
667 6.423609
668 6.405579
669 6.451170
670 6.266394
671 6.362350
672 6.456326
673 6.423304
674 6.338824
675 6.395274
676 6.400598
677 6.430719
678 6.334528
679 6.405852
680 6.395385
681 6.400684
682 6.379597
683 6.320498
684 6.364254
685 6.421532
686 6.373809
687 6.391617
688 6.433933
689 6.354588
690 6.374280
691 6.463543
692 6.487015
693 6.387624
694 6.384399
695 6.373925
696 6.332697
697 6.443175
698 6.404002
699 6.386655
700 6.410933
701 6.391362
702 6.368889
703 6.421021
704 6.455163
705 6.328425
706 6.417143
707 6.369760
708 6.324313
709 6.310678
710 6.419196
711 6.328642
712 6.474474
713 6.473798
714 6.365631
715 6.378432
716 6.358516
717 6.418941
718 6.440398
719 6.348838
720 6.422344
721 6.375205
722 6.318243
723 6.475832
724 6.368302
725 6.458724
726 6.390511
727 6.383370
728 6.404964
729 6.386300
730 6.332149
731 6.413772
732 6.343799
733 6.338898
734 6.451883
735 6.393036
736 6.417362
737 6.367464
738 6.378818
739 6.465292
740 6.444620
741 6.406306
742 6.425496
743 6.329683
744 6.328679
745 6.381464
746 6.381130
747 6.378911
748 6.396680
749 6.488342
750 6.428224
751 6.407178
752 6.382954
753 6.420175
754 6.439105
755 6.438481
756 6.414338
757 6.360221
758 6.461950
759 6.354078
760 6.406111
761 6.501743
762 6.389858
763 6.400370
764 6.389807
765 6.413134
766 6.340571
767 6.382249
768 6.397627
769 6.420466
770 6.402022
771 6.336950
772 6.335306
773 6.402522
774 6.384129
775 6.376131
776 6.330689
777 6.362329
778 6.407026
779 6.404867
780 6.397685
781 6.415641
782 6.403091
783 6.373131
784 6.335881
785 6.442343
786 6.412349
787 6.353485
788 6.343346
789 6.473317
790 6.400097
791 6.332662
792 6.281727
793 6.448483
794 6.349647
795 6.380021
796 6.392611
797 6.407181
798 6.317669
799 6.378001
800 6.299625
801 6.417973
802 6.339111
803 6.373888
804 6.420212
805 6.388466
806 6.353590
807 6.344093
808 6.365893
809 6.467213
810 6.376092
811 6.407084
812 6.356336
813 6.351618
814 6.378698
815 6.436325
816 6.399749
817 6.472783
818 6.458809
819 6.403225
820 6.408370
821 6.459977
822 6.380545
823 6.360625
824 6.447473
825 6.342970
826 6.384219
827 6.428732
828 6.372048
829 6.404645
830 6.330202
831 6.352072
832 6.381052
833 6.408267
834 6.418701
835 6.403941
836 6.351979
837 6.383455
838 6.383943
839 6.379288
840 6.381703
841 6.439461
842 6.427714
843 6.370849
844 6.413180
845 6.362157
846 6.455242
847 6.368943
848 6.389820
849 6.372894
850 6.384204
851 6.386555
852 6.393069
853 6.410737
854 6.360120
855 6.322382
856 6.378087
857 6.372721
858 6.437791
859 6.421976
860 6.313750
861 6.407494
862 6.417013
863 6.384566
864 6.403100
865 6.416058
866 6.419722
867 6.398646
868 6.384434
869 6.352540
870 6.422221
871 6.362764
872 6.437645
873 6.379950
874 6.345085
875 6.380591
876 6.367341
877 6.423625
878 6.428322
879 6.357267
880 6.454103
881 6.426017
882 6.328236
883 6.367928
884 6.429561
885 6.311699
886 6.484273
887 6.416936
888 6.365651
889 6.479884
890 6.465280
891 6.415808
892 6.389474
893 6.363009
894 6.371210
895 6.452992
896 6.443427
897 6.348828
898 6.399718
899 6.494171
900 6.401156
901 6.479672
902 6.390028
903 6.408966
904 6.353881
905 6.427043
906 6.419079
907 6.356305
908 6.399049
909 6.367892
910 6.399460
911 6.471240
912 6.430007
913 6.462714
914 6.362496
915 6.392178
916 6.396866
917 6.417165
918 6.345129
919 6.416460
920 6.395268
921 6.384775
922 6.389053
923 6.402140
924 6.417534
925 6.434393
926 6.356804
927 6.371572
928 6.400058
929 6.378160
930 6.388277
931 6.332264
932 6.427147
933 6.456763
934 6.426368
935 6.391212
936 6.383336
937 6.475630
938 6.350286
939 6.298423
940 6.357590
941 6.495375
942 6.457237
943 6.356005
944 6.381551
945 6.342775
946 6.402874
947 6.321773
948 6.369240
949 6.428326
950 6.431845
951 6.461727
952 6.341904
953 6.376843
954 6.389482
955 6.447016
956 6.357423
957 6.397232
958 6.441497
959 6.399003
960 6.402542
961 6.458556
962 6.444127
963 6.450120
964 6.384257
965 6.400863
966 6.408695
967 6.416196
968 6.399483
969 6.400656
970 6.433322
971 6.467774
972 6.354753
973 6.417496
974 6.439183
975 6.464728
976 6.396408
977 6.450670
978 6.422952
979 6.407612
980 6.362868
981 6.416855
982 6.370747
983 6.407498
984 6.408137
985 6.352655
986 6.434164
987 6.391635
988 6.293936
989 6.359610
990 6.380008
991 6.352330
992 6.392311
993 6.366802
994 6.497419
995 6.384670
996 6.375723
997 6.351207
998 6.412342
999 6.409655
